PUNKTY X
4.477518743751116E16
4.499038084648536E16
4.4922781679677144E16
4.4573740913479664E16
4.3947122677765864E16
4.304920906359032E16
4.1888559832923208E16
4.0475833339611856E16
3.8823576253012176E16
3.6945990431320608E16
3.485868551232548E16
3.2578425515080324E16
3.0122877055257488E16
2.7510365773146704E16
2.4759646370653332E16
2.1889690363966808E16
1.891964419665934E16
1.586799087893992E16
1.2753534237504826E16
9.594418202994048E15
6.408265009473235E15
3.212093705990178E15
2.2257376046258527E13
-3.145603074799313E15
-6.276590774931005E15
-9.35657255733841E15
-1.237218849284717E16
-1.531085315646467E16
-1.81607502904969E16
-2.0910272143692552E16
-2.3550072967062592E16
-2.60701615074017E16
-2.8461670114260116E16
-3.0716416576690344E16
-3.282688186869362E16
-3.4786188062203012E16
-3.6588076934341672E16
-3.8226889701710368E16
-3.96975482317746E16
-4.0995538009833176E16
-4.211729489320172E16
-4.3058445164525376E16
-4.3816644957399704E16
-4.4389515868824408E16
-4.477518743751116E16
-4.4972293102422312E16
-4.4979969045797384E16
-4.479785598775856E16
-4.4426103956817432E16
-4.3865380018067112E16
-4.3116878899824288E16
-4.2181797689971592E16
-4.1063404870481032E16
-3.9764158570138232E16
-3.8287531199095224E16
-3.6637611422820112E16
-3.4819864785857416E16
-3.2838153738022668E16
-3.0699343480672364E16
-2.8410260465335168E16
-2.5978487309385212E16
-2.3412391737038504E16
-2.0721154826129052E16
-1.7914797785820942E16
-1.5004206315596388E16
-1.2001151390114388E16
-8.918305081860345E15
-5.769277030757127E15
-2.5684789236877755E15
6.68612935418888E14
3.92575301640794E15
7.185828704070985E15
1.0430943949502048E16
1.3642496145170304E16
1.6801275679399024E16
1.988758994015716E16
2.2881412892522404E16
2.5762560495412768E16
2.8510891163878992E16
3.1106529256655776E16
3.3530108230026152E16
3.5763028724748144E16
3.7787725536781304E16
3.9587936269888392E16
4.114896358600508E16
4.2457922455880008E16
4.3503963745882272E16
4.4278465904069824E16
PUNKTY Y
0.0
3.5479246546216505E15
7.071094953850346E15
1.0545082617839874E16
1.3946101372606816E16
1.7251303195928508E16
2.0439046494404456E16
2.3489129423806488E16
2.6382983460581664E16
2.910382436700794E16
3.1636759706880508E16
3.3968853921661344E16
3.6089153558551984E16
3.7988676479913152E16
3.9660369745595208E16
4.1099041350204272E16
4.2301217302641984E16
4.3265284215790496E16
4.3990938643269424E16
4.447941583886256E16
4.4733255354844336E16
4.4756176033793224E16
4.4552954436858816E16
4.4129308694300632E16
4.3491789175055064E16
4.2647676861511064E16
4.160488989287508E16
4.0371898406632624E16
3.8957647557604552E16
3.7371828901530992E16
3.56235994378578E16
3.3723161387670504E16
3.168073209335332E16
2.9506725715906636E16
2.7211717602609368E16
2.4806413944564524E16
2.2301626163629996E16
1.9708249478996184E16
1.7037245122077192E16
1.429962569230307E16
1.1505346056131988E16
8.66789886199534E15
5.797121305253753E15
2.904117907298361E15
5.483286810200028
-2.9041179072983495E15
-5.797121305253742E15
-8.66789886199533E15
-1.1505346056131978E16
-1.4298369716538972E16
-1.703589391212204E16
-1.9708249478996172E16
-2.2301626163629988E16
-2.4806413944564516E16
-2.7211717602609364E16
-2.9506725715906628E16
-3.1679915111201808E16
-3.3722516393588368E16
-3.5623116353901548E16
-3.7371488418607336E16
-3.895764755760456E16
-4.0371898406632608E16
-4.160488989287508E16
-4.2647676861511064E16
-4.3491789175055064E16
-4.4129308694300632E16
-4.4552954436858816E16
-4.4756175253144184E16
-4.4733255354844336E16
-4.447941583886256E16
-4.3990938643269432E16
-4.3265284215790488E16
-4.2301217302641992E16
-4.109893275891944E16
-3.9660178849212192E16
-3.7988374060785592E16
-3.6088712849702432E16
-3.3968255261631244E16
-3.16359950774395E16
-2.91029010910916E16
-2.6381926387680624E16
-2.3487981090749044E16
-2.0437865005644688E16
-1.7250157885950828E16
-1.3945066647043654E16
-1.0544230665903206E16
-7.070488231718042E15
-3.547609118533632E15
